0.05948591232299805
0.055919647216796875
0.0465087890625
0.0457148551940918
0.04679727554321289
0.04635286331176758
0.04683184623718262
0.04971718788146973
0.04708433151245117
0.047197580337524414
0.0445551872253418
0.04700160026550293
0.04696965217590332
0.047748565673828125
0.04635882377624512
0.04630088806152344
0.047316789627075195
0.0464930534362793
0.047702789306640625
0.04240584373474121
0.043978214263916016
0.04655957221984863
0.04602169990539551
0.04843330383300781
0.0466160774230957
0.044939517974853516
0.048819780349731445
0.04700279235839844
0.05049014091491699
0.049826622009277344
0.04697394371032715
0.048696279525756836
0.04638338088989258
0.04554152488708496
0.04659676551818848
0.04686379432678223
0.04562187194824219
0.046135902404785156
0.04639267921447754
0.04819846153259277
0.04781651496887207
0.046387672424316406
0.044981956481933594
0.04667782783508301
0.0479273796081543
0.04685711860656738
0.048021554946899414
0.04635763168334961
0.04687309265136719
0.0464630126953125
0.04784822463989258
0.04681587219238281
0.04627561569213867
0.04591941833496094
0.046129703521728516
0.04668021202087402
0.04694938659667969
0.04668927192687988
0.04581284523010254
0.04638934135437012
0.04385185241699219
0.04593920707702637
0.046298980712890625
0.047162771224975586
0.04637408256530762
0.04610753059387207
0.04759478569030762
0.047540903091430664
0.04627275466918945
0.04564785957336426
0.04617452621459961
0.0484156608581543
0.04727816581726074
0.04703998565673828
0.04659581184387207
0.04953289031982422
0.04631996154785156
0.04795098304748535
0.046295881271362305
0.04416704177856445
0.04620647430419922
0.046709537506103516
0.04650235176086426
0.04764866828918457
0.04857826232910156
0.04756903648376465
0.04667258262634277
0.047210693359375
0.046166181564331055
0.04682421684265137
0.04606175422668457
0.04706549644470215
0.0465848445892334
0.047257423400878906
0.04862689971923828
0.050783634185791016
0.04781508445739746
0.04668116569519043
0.04736161231994629
0.04604911804199219
0.0470731258392334
0.046984195709228516
0.045731306076049805
0.04747128486633301
0.04901552200317383
0.05012249946594238
0.04653739929199219
0.04653048515319824
0.0464177131652832
0.04551815986633301
0.04580092430114746
0.046525001525878906
0.046285390853881836
0.047298431396484375
0.047156333923339844
0.04732775688171387
0.048845529556274414
0.04769635200500488
0.04735827445983887
0.04868364334106445
0.04683542251586914
0.04616284370422363
0.04558062553405762
0.04644131660461426
0.04767632484436035
0.04577445983886719
0.04852724075317383
0.046288490295410156
0.04601144790649414
0.047406673431396484
0.045922279357910156
0.04678797721862793
0.04871940612792969
0.047434091567993164
0.05923938751220703
0.05063819885253906
0.054639339447021484
0.057404518127441406
0.04994988441467285
0.04972386360168457
0.04580998420715332
0.048787832260131836
0.049578189849853516
0.05274391174316406
0.0527043342590332
0.05425095558166504
0.06986260414123535
0.08480954170227051
0.04877591133117676
0.04777050018310547
0.04634213447570801
0.047853708267211914
0.06057405471801758
0.046270132064819336
0.07023930549621582
0.055108070373535156
0.06390047073364258
0.05175518989562988
0.05681967735290527
0.05062270164489746
0.054998159408569336
0.0545344352722168
0.05623054504394531
0.0479741096496582
0.04789137840270996
0.05430912971496582
0.06072497367858887
0.04834699630737305
0.049364328384399414
0.05013537406921387
0.05872750282287598
0.05045270919799805
0.04849982261657715
0.047944068908691406
0.046501874923706055
0.07290482521057129
0.07187390327453613
0.05172872543334961
0.04680180549621582
0.051926374435424805
0.05388379096984863
0.6230721473693848
0.1416776180267334
0.07598257064819336
0.06066179275512695
0.05605936050415039
0.06206107139587402
0.06633138656616211
0.05919623374938965
0.05110287666320801
0.05033588409423828
0.04667210578918457
0.047466278076171875
0.04722237586975098
0.04971194267272949
0.04861640930175781
0.04796242713928223
0.05229496955871582
0.05020499229431152
0.05153512954711914
0.04785895347595215
0.047530412673950195
0.05162453651428223
0.05445504188537598
0.04967617988586426
0.0485379695892334
0.046947479248046875
0.06070518493652344
0.050174713134765625
0.04778337478637695
0.04755425453186035
0.042015790939331055
0.046858787536621094
0.049477577209472656
0.04891633987426758
0.04702877998352051
0.06695079803466797
0.0574493408203125
0.05286455154418945
0.05126619338989258
0.05336427688598633
0.0534520149230957
0.05271291732788086
0.05159950256347656
0.054590463638305664
0.04884910583496094
0.0501246452331543
0.04851531982421875
0.047728776931762695
0.05090618133544922
0.054689645767211914
0.051666975021362305
0.04886937141418457
0.05147862434387207
0.04905080795288086
0.05584597587585449
0.0518491268157959
0.04732942581176758
0.046888113021850586
0.048665761947631836
0.05021476745605469
0.047559261322021484
0.04826664924621582
0.05080676078796387
0.0492246150970459
0.05045747756958008
0.04888916015625
0.04758191108703613
0.04799675941467285
0.052301645278930664
0.054300785064697266
0.044374704360961914
0.04810476303100586
0.05309700965881348
0.05097532272338867
0.05742955207824707
0.050058841705322266
0.04777359962463379
0.04904484748840332
0.04829287528991699
0.05841946601867676
0.05167222023010254
0.05126523971557617
0.04883599281311035
0.048894643783569336
0.04776573181152344
0.05415058135986328
0.04857373237609863
0.04683065414428711
0.04652070999145508
0.04982137680053711
0.05380058288574219
0.05012655258178711
0.05145549774169922
0.04900813102722168
0.05022859573364258
0.05758476257324219
0.0529170036315918
0.059575557708740234
0.048691511154174805
0.047125816345214844
0.05761885643005371
0.04977059364318848
0.050817012786865234
0.048906803131103516
0.04865741729736328
0.05278205871582031
0.05984973907470703
0.05878877639770508
0.05630636215209961
0.05655550956726074
0.058237552642822266
0.05504274368286133
0.05772876739501953
0.05644536018371582
0.05805182456970215
0.05257821083068848
0.05201005935668945
0.051363229751586914
0.05101943016052246
0.05103302001953125
0.053702354431152344
0.052576303482055664
0.048419952392578125
0.04783987998962402
0.04692649841308594
0.046759605407714844
0.1447446346282959
0.10577034950256348
0.08819103240966797
0.049195289611816406
0.04708456993103027
0.044203996658325195
0.047998905181884766
0.04784059524536133
0.054425954818725586
0.04680776596069336
0.04788780212402344
0.04842329025268555
0.04822421073913574
0.05925250053405762
0.05028200149536133
0.08632946014404297
0.05932331085205078
0.05530548095703125
0.04918932914733887
0.048909664154052734
0.04781937599182129
0.04862833023071289
0.04871034622192383
0.050911903381347656
0.04672503471374512
0.051706552505493164
0.04340100288391113
0.046834707260131836
0.057790279388427734
0.04704904556274414
0.04724597930908203
0.04714035987854004
0.0467832088470459
0.050882816314697266
0.05149412155151367
0.04758191108703613
0.05330538749694824
0.047421932220458984
0.048010826110839844
0.050687551498413086
0.049234628677368164
0.04690098762512207
0.051544189453125
0.04764246940612793
0.061368465423583984
0.04716753959655762
0.04689955711364746
0.049233436584472656
0.04819750785827637
0.04366636276245117
0.05714249610900879
0.046312570571899414
0.0486292839050293
0.04700660705566406
0.046265363693237305
0.05062508583068848
0.05608773231506348
0.05383491516113281
0.045929670333862305
0.04521059989929199
0.04594707489013672
0.05253314971923828
0.046320438385009766
0.0472872257232666
0.0472872257232666
0.04765915870666504
0.055314064025878906
0.04757571220397949
0.04893302917480469
0.04726719856262207
0.04854273796081543
0.04564809799194336
0.05139636993408203
0.04783272743225098
0.047878265380859375
0.04727435111999512
0.048108577728271484
0.05762839317321777
0.050965309143066406
0.059339046478271484
0.061704158782958984
0.057062387466430664
0.05413365364074707
0.048487186431884766
0.05022287368774414
0.051167964935302734
0.053888559341430664
0.05522751808166504
0.04645967483520508
0.05822873115539551
0.04573702812194824
0.047834157943725586
0.048445940017700195
0.04715585708618164
0.0467679500579834
0.04682469367980957
0.047348737716674805
0.051325082778930664
0.052620649337768555
0.048238277435302734
0.050489187240600586
0.048639774322509766
0.047623395919799805
0.057173728942871094
0.048410892486572266
0.04863333702087402
0.04807400703430176
0.047298431396484375
0.054721832275390625
0.05076885223388672
0.04777407646179199
0.05001235008239746
